[4, [2, 0, 0, 0, 0]]
[6, [1, 1, 0, 0, 0]]
[8, [3, 0, 0, 0, 0]]
[9, [0, 2, 0, 0, 0]]
[10, [1, 0, 1, 0, 0]]
[12, [2, 1, 0, 0, 0]]
[14, [1, 0, 0, 1, 0]]
[15, [0, 1, 1, 0, 0]]
[16, [4, 0, 0, 0, 0]]
[18, [1, 2, 0, 0, 0]]
[20, [2, 0, 1, 0, 0]]
[21, [0, 1, 0, 1, 0]]
[22, [1, 0, 0, 0, 1]]
[24, [3, 1, 0, 0, 0]]
[25, [0, 0, 2, 0, 0]]
[27, [0, 3, 0, 0, 0]]
[28, [2, 0, 0, 1, 0]]
[30, [1, 1, 1, 0, 0]]
[32, [5, 0, 0, 0, 0]]
[33, [0, 1, 0, 0, 1]]
[35, [0, 0, 1, 1, 0]]
[36, [2, 2, 0, 0, 0]]
[40, [3, 0, 1, 0, 0]]
[42, [1, 1, 0, 1, 0]]
[44, [2, 0, 0, 0, 1]]
[45, [0, 2, 1, 0, 0]]
[48, [4, 1, 0, 0, 0]]
[49, [0, 0, 0, 2, 0]]
[50, [1, 0, 2, 0, 0]]
[54, [1, 3, 0, 0, 0]]
[55, [0, 0, 1, 0, 1]]
[56, [3, 0, 0, 1, 0]]
[60, [2, 1, 1, 0, 0]]
[63, [0, 2, 0, 1, 0]]
[64, [6, 0, 0, 0, 0]]
[66, [1, 1, 0, 0, 1]]
[70, [1, 0, 1, 1, 0]]
[72, [3, 2, 0, 0, 0]]
[75, [0, 1, 2, 0, 0]]
[77, [0, 0, 0, 1, 1]]
[80, [4, 0, 1, 0, 0]]
[81, [0, 4, 0, 0, 0]]
[84, [2, 1, 0, 1, 0]]
[88, [3, 0, 0, 0, 1]]
[90, [1, 2, 1, 0, 0]]
[96, [5, 1, 0, 0, 0]]
[98, [1, 0, 0, 2, 0]]
[99, [0, 2, 0, 0, 1]]
[100, [2, 0, 2, 0, 0]]
[105, [0, 1, 1, 1, 0]]
[108, [2, 3, 0, 0, 0]]
[110, [1, 0, 1, 0, 1]]
[112, [4, 0, 0, 1, 0]]
[120, [3, 1, 1, 0, 0]]
[121, [0, 0, 0, 0, 2]]
[125, [0, 0, 3, 0, 0]]
[126, [1, 2, 0, 1, 0]]
[128, [7, 0, 0, 0, 0]]
[132, [2, 1, 0, 0, 1]]
[135, [0, 3, 1, 0, 0]]
[140, [2, 0, 1, 1, 0]]
[144, [4, 2, 0, 0, 0]]
[147, [0, 1, 0, 2, 0]]
[150, [1, 1, 2, 0, 0]]
[154, [1, 0, 0, 1, 1]]
[160, [5, 0, 1, 0, 0]]
[162, [1, 4, 0, 0, 0]]
[165, [0, 1, 1, 0, 1]]
[168, [3, 1, 0, 1, 0]]
[175, [0, 0, 2, 1, 0]]
[176, [4, 0, 0, 0, 1]]
[180, [2, 2, 1, 0, 0]]
[189, [0, 3, 0, 1, 0]]
[192, [6, 1, 0, 0, 0]]
[196, [2, 0, 0, 2, 0]]
[198, [1, 2, 0, 0, 1]]
[200, [3, 0, 2, 0, 0]]
[210, [1, 1, 1, 1, 0]]
[216, [3, 3, 0, 0, 0]]
[220, [2, 0, 1, 0, 1]]
[224, [5, 0, 0, 1, 0]]
[225, [0, 2, 2, 0, 0]]
[231, [0, 1, 0, 1, 1]]
[240, [4, 1, 1, 0, 0]]
[242, [1, 0, 0, 0, 2]]
[243, [0, 5, 0, 0, 0]]
[245, [0, 0, 1, 2, 0]]
[250, [1, 0, 3, 0, 0]]
[252, [2, 2, 0, 1, 0]]
[256, [8, 0, 0, 0, 0]]
[264, [3, 1, 0, 0, 1]]
[270, [1, 3, 1, 0, 0]]
[275, [0, 0, 2, 0, 1]]
[280, [3, 0, 1, 1, 0]]
[288, [5, 2, 0, 0, 0]]
[294, [1, 1, 0, 2, 0]]
[297, [0, 3, 0, 0, 1]]
[300, [2, 1, 2, 0, 0]]
[308, [2, 0, 0, 1, 1]]
[315, [0, 2, 1, 1, 0]]
[320, [6, 0, 1, 0, 0]]
[324, [2, 4, 0, 0, 0]]
[330, [1, 1, 1, 0, 1]]
[336, [4, 1, 0, 1, 0]]
[343, [0, 0, 0, 3, 0]]
[350, [1, 0, 2, 1, 0]]
[352, [5, 0, 0, 0, 1]]
[360, [3, 2, 1, 0, 0]]
[363, [0, 1, 0, 0, 2]]
[375, [0, 1, 3, 0, 0]]
[378, [1, 3, 0, 1, 0]]
[384, [7, 1, 0, 0, 0]]
[385, [0, 0, 1, 1, 1]]
[392, [3, 0, 0, 2, 0]]
[396, [2, 2, 0, 0, 1]]
[400, [4, 0, 2, 0, 0]]
[405, [0, 4, 1, 0, 0]]
[420, [2, 1, 1, 1, 0]]
[432, [4, 3, 0, 0, 0]]
[440, [3, 0, 1, 0, 1]]
[441, [0, 2, 0, 2, 0]]
[448, [6, 0, 0, 1, 0]]
[450, [1, 2, 2, 0, 0]]
[462, [1, 1, 0, 1, 1]]
[480, [5, 1, 1, 0, 0]]
[484, [2, 0, 0, 0, 2]]
[486, [1, 5, 0, 0, 0]]
[490, [1, 0, 1, 2, 0]]
[495, [0, 2, 1, 0, 1]]
[500, [2, 0, 3, 0, 0]]
[504, [3, 2, 0, 1, 0]]
[512, [9, 0, 0, 0, 0]]
[525, [0, 1, 2, 1, 0]]
[528, [4, 1, 0, 0, 1]]
[539, [0, 0, 0, 2, 1]]
[540, [2, 3, 1, 0, 0]]
[550, [1, 0, 2, 0, 1]]
[560, [4, 0, 1, 1, 0]]
[567, [0, 4, 0, 1, 0]]
[576, [6, 2, 0, 0, 0]]
[588, [2, 1, 0, 2, 0]]
[594, [1, 3, 0, 0, 1]]
[600, [3, 1, 2, 0, 0]]
[605, [0, 0, 1, 0, 2]]
[616, [3, 0, 0, 1, 1]]
[625, [0, 0, 4, 0, 0]]
[630, [1, 2, 1, 1, 0]]
[640, [7, 0, 1, 0, 0]]
[648, [3, 4, 0, 0, 0]]
[660, [2, 1, 1, 0, 1]]
[672, [5, 1, 0, 1, 0]]
[675, [0, 3, 2, 0, 0]]
[686, [1, 0, 0, 3, 0]]
[693, [0, 2, 0, 1, 1]]
[700, [2, 0, 2, 1, 0]]
[704, [6, 0, 0, 0, 1]]
[720, [4, 2, 1, 0, 0]]
[726, [1, 1, 0, 0, 2]]
[729, [0, 6, 0, 0, 0]]
[735, [0, 1, 1, 2, 0]]
[750, [1, 1, 3, 0, 0]]
[756, [2, 3, 0, 1, 0]]
[768, [8, 1, 0, 0, 0]]
[770, [1, 0, 1, 1, 1]]
[784, [4, 0, 0, 2, 0]]
[792, [3, 2, 0, 0, 1]]
[800, [5, 0, 2, 0, 0]]
[810, [1, 4, 1, 0, 0]]
[825, [0, 1, 2, 0, 1]]
[840, [3, 1, 1, 1, 0]]
[847, [0, 0, 0, 1, 2]]
[864, [5, 3, 0, 0, 0]]
[875, [0, 0, 3, 1, 0]]
[880, [4, 0, 1, 0, 1]]
[882, [1, 2, 0, 2, 0]]
[891, [0, 4, 0, 0, 1]]
[896, [7, 0, 0, 1, 0]]
[900, [2, 2, 2, 0, 0]]
[924, [2, 1, 0, 1, 1]]
[945, [0, 3, 1, 1, 0]]
[960, [6, 1, 1, 0, 0]]
[968, [3, 0, 0, 0, 2]]
[972, [2, 5, 0, 0, 0]]

[210, [1, 1, 1, 1, 0]]
[330, [1, 1, 1, 0, 1]]
[770, [1, 0, 1, 1, 1]]
[30, [1, 1, 1, 0, 0]]
[66, [1, 1, 0, 0, 1]]


[1, , 0, 0, 0]